1.000000000000000000e+00
0.000000000000000000e+00
0.000000000000000000e+00
0.000000000000000000e+00
0.000000000000000000e+00
0.000000000000000000e+00
0.000000000000000000e+00
0.000000000000000000e+00
0.000000000000000000e+00
0.000000000000000000e+00
1.005012520859400960e+00
0.000000000000000000e+00
0.000000000000000000e+00
0.000000000000000000e+00
0.000000000000000000e+00
0.000000000000000000e+00
0.000000000000000000e+00
1.005012520859400960e+00
0.000000000000000000e+00
1.005012520859400960e+00
1.000000000000000000e+00
0.000000000000000000e+00
0.000000000000000000e+00
0.000000000000000000e+00
0.000000000000000000e+00
0.000000000000000000e+00
0.000000000000000000e+00
0.000000000000000000e+00
0.000000000000000000e+00
0.000000000000000000e+00
9.950124791926824308e-01
0.000000000000000000e+00
0.000000000000000000e+00
0.000000000000000000e+00
9.950124791926824308e-01
0.000000000000000000e+00
0.000000000000000000e+00
0.000000000000000000e+00
9.950124791926824308e-01
0.000000000000000000e+00
